Result:
Input(10) = 3.52
Input(100) = 3.1812
Input(1000) = 3.14554
Input(10000) = 3.14199

big-O = n^2

Time(s):
Input(10) = 0.005
Input(100) = 0.005
Input(1000) = 0.012
Input(10000) = 0.602